,兵庫,和歌山,大阪,奈良,滋賀,京都
兵庫,0,132,85,116,136,60
和歌山,132,0,68,68,144,142
大阪,85,68,0,75,83,74
奈良,116,68,75,0,79,95
滋賀,136,144,83,79,0,61
京都,60,142,74,95,61,0